2168154
4390447
2474591
5997301
9421533
8181459
7715929
8327789
8233208
1181944
3173974
6492997
9899380
6423968
1508295
3315880
6278107
1905792
9764868
2357754
1839821
1512343
2483607
6417987
9979969
9774923
4303959
3550550
8666809
9115118
3562937
2959365
5269071
8656918
2831214
9384232
8632566
2571447
2845918
8690365
3159470
2250176
5758463
1870335
5117800
1671329
2418513
7736428
7729704
5646155
5864352
6085362
5589787
6168927
4044223
6011347
8037178
2694950
9168281
4364160
8931897
6673311
1549838
8325983
5734385
7258729
8029431
4757651
7939500
3832812
2278001
2877271
8518582
3965442
5439577
7025594
9714520
2300891
9509486
3743136
9544261
5222267
9833152
3533859
5180464
6291763
4539638
9210993
3316581
4633343
8849971
9986577
4685976
5276629
9188886
2381269
1961220
2922686
8319377
4143450
3818949
8326834
5759458
9310061
3386504
4474046
9603733
1385853
9044487
9805291
6954395
6170482
1601032
6418076
8551617
7294777
5220452
7323420
6550053
3398828
4908753
4796518
8385872
5029299
3096597
4768165
4973104
9171606
7017738
2106116
7175129
8457828
3267588
9398627
8591524
4081456
2551457
3343900
4787729
5218784
1846733
2378727
6074620
3450191
7013727
5299875
4862449
1609851
8432190
2298632
5408201
7904082
6614268
9036089
5993889
4657868
9578228
7665107
7099549
4677201
9801250
8983399
8995167
9239850
3967085
4464256
1771942
9503294
5835761
3163573
9512537
4923711
2013991
2629018
7115953
9978421
6719932
1688492
8457891
9448872
9699907
5324537
3208690
8975533
9712085
7896578
9373902
4015435
3281587
6341872
3115359
8964316
8112134
1658084
2949846
1893057
7559831
7695062
4670044
3243174
2207737
5297316
8706463
3028626
7252811
6145389
7052202
9005389
2950671
2677771
4503514
1773245
4612564
3844802
5680410
6493673
7160704
2032984
3483703
7266937
5923285
5880410
7553999
3464882
5007800
2691932
1879247
4761083
6937497
4418988
1405361
8506676
8428050
1691503
5422926
9865172
8634762
8296121
7742959
8799276
9074450
3713270
7319530
7485566
9701957
8587431
5290159
3462583
4707041
9191869
1714919
3379554
3003393
3000719
5310970
1306210
5268017
2681656
7628410
3255154
8901003
9432734
6840689
8384647
8375791
4976095
8919135
2912667
2885041
7343020
3491906
7475829
7102525
4940559
1217178
7133741
6189328
6605482
4724966
5542792
2012414
1530564
9775943
4282640
8414949
5093460
1494448
2415351
5832821
1899069
3632367
7818940
7577275
3314016
7739544
8913725
3133516
9634011
5215957
6468312
3578317
8709135
7371012
9288122
5069632
1455842
4768344
8278819
3711570
4627253
8225394
5714552
2719404
4276314
6490402
3843975
6950416
2684837
6097641
7394514
6323991
5445704
6489269
6403650
6110123
1955417
2433257
1257583
1869021
2516693
1550389
6402064
4818993
5101897
7690083
5797355
3286797
3884288
5505405
1465983
3159732
9027060
6027832
2683080
4962203
2601059
5991018
6301301
9518256
3690870
3842241
2983256
7474841
8042782
6121851
7699255
5017571
2465993
2702346
3242270
3247334
8663016
7967625
4938475
8578683
8756659
4829454
7364074
5922388
6243466
8691872
3457666
8870497
9583910
9285402
7891688
9994257
4177790
9223597
7405279
4384339
7840119
6654192
5458201
7174936
2738622
6119725
3529257
4995534
2838074
4753822
6923818
9707910
5910269
1592137
7997631
5848255
7993889
6230525
8310191
9832798
3932569
3741947
8621820
7753961
7973769
1921629
2365692
8418251
8416270
7272577
8242399
5964034
1953596
8216057
5819058
8668492
3154071
4176621
5381749
6354277
6109248
2964908
6215699
3854116
5842684
1378748
3568873
3399159
7158526
4653331
4171279
9896413
8198019
9720307
8311432
7837492
5832577
1300403
5876437
3304320
3915141
2433279
2105661
8229168
7636091
8671683
1614639
6387855
7599873
7655448
5070339
6636014
4739114
6598366
2965853
7944163
5308283
7150053
4396292
9718646
4858987
2838188
2659439
3267632
7476027
9014801
4655395
2964896
2501464
9874245
2113525
7581645
8427053
9698446
1689485
5438742
9382776
9179791
8846269
3904167
5423704
7789582
8319096
3976052
8412482
4152816
1712787
7892009
9357663
4355211
3007846
8382782
4551690
4326562
7924185
2148376
1745715
8365738
6797683
8850608
5674430
1387195
6630771
4923600
3402922
2094149
7392567
5236587
6688225
1549406
4546506
7930492
4961757
7025045
2642423
6643108
5670350
3646889
2048812
2197404
7217700
7591246
7122148
2048243
4968680
3126574
3566036
6403484
4587596
8547102
6767484
8831322
4716171
3174476
8400949
5651322
8559596
1764475
9613173
9138236
5680563
9793867
7726087
3816111
6123822
8266818
2114221
7585065
9550305
5740584
9505758
9165744
4599189
1923961
6274537
1382247
6957676
1252135
2373033
9195819
9271227
8540140
2512428
4882581
9536739
5618856
9415994
1282142
4472504
5797314
4273778
2666222
5472152
7028099
3741757
9406259
2372013
9230628
7421695
9211901
8656097
7901243
6086431
9589664
7448028
6946387
2294293
2437857
4657707
5072280
4916805
1524936
6629906
3056681
2973092
5702021
6662762
2777285
4117893
5616099
9678013
2668609
6227331
7244147
6123008
1322719
3502504
5754426
7441471
6286856
8778789
2880661
1813312
7953679
4125061
8379451
1285682
3502322
9407668
8614374
2296338
2082584
3242797
8974977
5390371
7432123
3193253
3000731
1518876
4758948
1970478
8150467
6329750
7926876
6163304
3770398
4984086
1728678
8566001
6206506
9690252
9908734
7868130
6126289
8176862
6260721
1658818
2189504
6634928
1970193
4339983
4496681
6011308
5129831
4211892
2531054
8353280
3110469
5366748
1922688
6104826
3154320
3603174
9587962
8677396
3844958
7012905
6561379
8404492
9137727
5841388
2510078
9334535
1968170
3291259
8493219
7663716
7098622
2362989
4437597
3602631
4115321
8457531
5359682
3715613
5096079
8188404
3036676
6420842
5688188
9618618
3111541
6791871
8517232
9173627
5344043
1552700
3851502
4073724
4188273
2068714
2068512
5569867
6791477
1732859
2617896
4579546
6116352
7909361
7246454
4677325
7623182
3160162
9200266
3060979
1837955
1298011
2583336
8898514
6639380
7034031
4306534
9502482
8688655
1426910
5548106
6389479
8139748
4683716
2085846
1973361
2802602
6638861
7461112
4744196
3979088
9244624
2938621
4064750
7779197
8839117
4519342
3286026
6748718
2463800
2565065
3775421
1904087
6449453
2709046
7748440
9545085
5804764
7649569
9177762
8878222
5820980
4169456
2045827
4415492
1622607
5880239
1224477
7583385
9254637
2049594
3384586
4580854
3587567
4648111
3536751
5651300
6962379
5483859
1538989
3470630
1429673
1756493
4081504
9173824
6731290
9112204
8927793
6202447
9371463
3456829
2209166
2419005
5229531
4315968
4842823
7571432
6367511
2939850
3385902
7647989
5217350
7076337
6359097
2094987
8299734
5587697
9610687
8950044
4874975
6672637
2805682
5401393
4233642
8370455
4673474
8870488
2065540
8687770
6942340
9606603
3140817
4412321
6376433
5390672
3726516
8290262
3990942
8052761
1497363
4421919
4751508
2416487
8782377
3315949
3807844
8586236
9676434
9125955
2693820
2106729
7177362
6501224
6371551
9970213
6584518
7272686
3226348
7283827
9816861
8908068
8934660
3966253
5984846
8059645
8429511
7830373
8302654
6453772
3314890
1504097
2449240
6551612
5967579
6005386
4336226
8999336
1984785
5548702
6387469
6211020
6960808
1538423
6187476
3763174
9970148
9793016
1936588
3151049
6928880
8177507
2050430
8830628
8593623
7577749
9425927
9201079
3110608
1395851
2770502
6103123
2958240
6768779
7264215
8885346
8597359
5328493
6530677
5828301
4577983
8274313
3683583
7255496
4121249
7227930
5932865
8437820
1735834
6013473
4924018
4011445
6459249
7648159
2120725
2306709
2465596
4717369
2301632
5901616
1405056
4548612
1973955
7933915
6765254
5227764
7285715
9893823
1201316
9230144
8912377
7274701
4470129
7496694
5478407
1562293
7368179
6891964
5824283
4391389
5413507
4515212
1226274
7226319
3632591
4906763
8228529
4750534
8324099
4569624
7010770
6186666
8433802
2593668
2029150
3399238
8731282
9583091
4431456
6918139
6652119
9364064
4646640
9729734
2524916
7991243
7272816
9280622
9593426
2837361
3701650
2732678
6603223
3272724
4429763
5865346
4733353
4984270
4242818
9236851
8889557
5266060
7465107
9820003
4961480
8724500
3142223
2394590
9848278
5620663
7147625
3792621
8100974
6785725
5793588
3217421
6662423
9053106
6899310
7225781
4768863
8573003
3989835
8965673
9651898
2252437
3016703
2330227
8147701
1471354
5736446
2044343
6755748
9058592
3734860
8103553
2027624
2104546
6170899
3260812
1338984
7225295
2300133
8577506
1345215
3704578
3739994
6216991
4911598
5605071
3041036
9097726
9564965
9788753
9277962
3444110
2817728
3991114
7932918
1434945
5233875
2110466
3860033
5047460
9151287
6738473
2616559
5845067
6048446
3102732
6060205
9309512
3444638
9265420
3287738
8186194
4007403
6944678
8095821
4209656
2309129
6429326
1236467
2686774
4225517
3942163
2575561
8030795
8853087
7810113
5598059
5244397
2575696
9028626
9835256
3248353
3925044
2877432
4668384
1780326
6170697
4564460
4791165
6127004
4942459
6670419
9394011
8748409
3151246
9902303
3640001
9419079
5846442
7116125
6245567
6111186
8925772
2276346
8427733
3826352
2013522
5805379
4463821
6069806
5983074
8553530
8070753
6324680
9996887
4605524
2655473
8130426
4737713
1785538
2809107
7443694
4279012
3589823
7924031
6106765
2442259
4619212
6098812
1149311
9217830
5323478
8078998
8928772
5933325
8546092
7463507
4984562
2854224
8404555
3159364
3280878
5902975
4317284
8250342
4318500
4919400
3629614
6554812
5676088
9193968
1840953
3696689
8809216
4960474
2465233
1719993
9601116
2809828
9102345
6295779
2989737
3826852
1726426
1130311
8955856
3495276
7383869
3380171
2394681
8427952
8952272
9006679
2245610
4323165
9783371
7249203
9736781
8092744
3363922
2178767
7262607
6234242
2401856
5023730
4721560
5688258
8064447
5401611
2826378
6787234
2729562
6791887
9953075
5626982
8954062
7564936
9453117
5925773
5760782
2189259
5525450
3996398
4457058
8550395
2248156
8714147
5526438
4917031
3513018
8153506
1612198
7466062
5585158
7608585
3767598
8008612
7531045
7138459
7709198
9088871
2435378
6933862
1575957
7184512
7843481
3839312
9517017
1496883
6630242
6379500
1812857
1417556
6867316
9808637
3620344
4159841
8677557
5031968
6880132
9703672
4125486
3642928
7974091
8387625
9800889
4180325
5782714
7027356
7806350
3063990
8616841
3099856
5739794
6708543
3288224
6552924
9919938
5552726
9805820
7281640
5922007
5047250
2972361
4131189
6998556
4318954
6706336
3672649
2550447
3650974
6569042
6295196
3633127
7020079
6212415
8352023
8714396
9516476
8613378
9296856
3521800
7564098
8597298
7419067
3385079
4004269
4086954
1711533
7598739
6784535
3006716
1193441
2933268
6868864
3192047
5476046
4627780
5616302
1390777
7266016
9332059
9566014
2544482
7342890
7682354
9210933
8382263
8760089
2394605
1180221
6491616
8406196
8301016
8957963
6391216
2355798
8572404
1225435
3802966
6139938
7975990
8171601
4003423
4310930
3306784
3183236
9683165
4479307
5907419
6538030
9423434
5209031
1928355
4362531
9710385
9992917
5367195
9636021
7293683
9686836
4287345
5935984
3889569
2538567
7661292
7028989
3567427
8550244
3829138
3009665
6593184
5529517
7151902
9334792
2852522
9988005
2070847
6337210
3785702
8055564
7187530
1706534
3713724
7662478
8217146
1459403
6590771
5758956
1965207
7628427
9384507
2981549
6559690
6140921
2215162
3530479
6543858
8523453
1761058
2280831
1364585
4284971
9128406
6908468
1490613
7536356
9193966
7033751
9056195
2141114
3723943
3142291
3821701
1505365
4113980
6188187
8807900
6443308
5518618
1614505
3307959
7857801
4127880
7603588
5962121
6380928
2119922
2691645
3284883
9580218
6404921
2609363
2187636
5652456
5267096
6654763
6781211
1334143
3779896
9447052
3323075
8864566
6541487
1904452
3129227
8445492
9594336
7624139
8174775
7707426
7748188
2550544
9718456
7774875
1544257
1626746
1360913
8884130
3562750
7556269
3627634
9724913
8124667
4293707
3299349
9284288
1255036
7703301
5772731
9559323
5712837
4257379
8478236
9566390
9012036
3879951
4131774
7860035
8792365
4685242
7798831
9627751
3563709
4915736
3639417
8806000
9453618
1901259
2199254
3971728
3753588
7665521
1756111
6126913
6510493
3534553
9642404
2231746
4192338
4298899
7300844
6548678
2571861
3731230
1196176
5662215
5180495
4254720
5437197
5150511
9373731
8340827
4569931
7767856
8803415
7386173
5177802
7242191
9816769
6287342
2886913
1981779
3817369
3481568
3706508
2688385
2658689
9770302
5251624
1800375
7873273
7360725
5297265
4497661
3859084
2084943
3385320
1713410
2204368
3178496
1855007
2426375
3892955
9812910
4503849
5519119
9557726
9009582
5250125
5159750
3760181
1793009
4022915
4409955
1909412
2359041
9198744
9300635
1414376
3692206
6085395
5158624
9783609
9048529
4969881
6499992
6513639
4237502
9964438
8312247
6009107
1716383
6510194
1115204
8318099
1780409
4800745
3188846
6891354
2810578
4268900
5176144
1518750
9286936
9100768
9131242
3191886
3460974
9411514
8036703
5997479
8757459
2174603
8705301
8274047
8396115
5341661
6311725
9531348
3989558
3493939
6113902
8592581
2849530
6924323
1968923
3620731
8437801
9802839
5951016
3753242
1529963
3636649
2659050
2550258
4368297
4534898
1302410
2738941
8163972
4427929
6384729
5795400
1863730
4568081
5332058
6235881
7518237
2737371
8143786
5821800
5725117
2847387
9061858
9530404
9553247
9684302
9852175
3798590
3874303
3853081
7304864
7014013
7393081
4990874
1910911
9035208
9190992
4971741
5751024
5084298
1929416
8703442
2792420
1941438
2093855
5240171
3305341
7549649
2501279
2260049
1512637
5185660
2883588
3835521
9713752
8187839
1683499
3628651
7124866
1692911
2051828
3406612
6025743
5830940
8711935
6774602
2788658
4428550
1520924
8098376
4503509
7536517
6094920
8617081
5644666
1875385
2417626
4345219
5673264
6393230
2611269
1815481
8965971
8778135
7174178
6018611
7636471
2288468
7989074
5687622
2889077
7950783
1318693
8286003
3785378
8499966
5304662
8015786
7969597
2349103
6848589
5449891
2369825
8510532
2647193
8377058
3663042
7967530
8315212
3894005
8865698
5173319
9683636
4467952
9401565
2612540
1707413
4132849
6195884
9259708
1645743
2134249
6019262
2285147
2732376
7856161
8816565
5335208
2116850
5332647
3198759
8724744
3290003
8355657
4565051
2946386
8369981
8464994
4868167
1195931
7729342
5276849
2331503
4482089
2717088
1385171
7377655
5432643
1148471
2180077
2083504
4277344
2594839
6713779
2803993
4336333
6806709
9565472
6329396
3993837
6161361
1909556
1615826
9699492
5131337
1839411
2670826
6257942
2771569
2619974
3550244
6134817
8800031
9820475
7556086
9174535
1890882
7254101
1529500
5856827
4333600
9922007
7947217
1365655
6557741
4295834
2797089
6117620
5241079
2663632
7125553
3246274
2113527
4140727
8934920
8095203
3962352
3371834
1670669
4713795
6005252
9202639
3617821
4673772
8502764
4231782
9529082
4722762
7266473
4300007
1525329
4519164
6651314
3218330
4669939
9375256
6485110
4573056
8582912
6501152
9918137
9001290
4343708
1628230
5645512
5267397
4411699
3755283
7734492
7410977
6172751
7031769
1474094
6019275
4701241
3271134
9467787
3267124
9303156
1762141
7223558
7341178
1289030
6750728
8614320
7857155
4312152
5289063
2614345
3394184
4696516
1985418
7058662
2819668
8913649
6996727
1410482
6115626
1592616
2375117
2633361
3951377
6783780
3301855
6867815
5313085
7525385
5177588
6438497
9469294
2862499
8938242
2825610
5217248
3243812
9556324
4507199
3244456
1722199
7544757
3520770
8999702
8641637
3229055
2472908
9021572
8960683
3911738
7926510
3279619
7506040
8569203
1473192
1798364
8080380
6227322
4953097
2501293
5734951
8927414
4498506
6169855
8883006
4555078
5356846
2941257
3604882
8043621
6942270
9129108
5709673
6043582
8865489
1647498
5148271
9075693
7443820
4130510
6655753
3750315
7869395
7624603
7193626
9495931
3124991
2351073
1382472
5785751
6912366
1681492
6827224
2062246
4966431
7854720
1177605
2544440
8832845
4720785
5051560
9576735
3641690
5797484
6015261
4782799
8670232
9847624
2242875
7564866
8594077
7387749
8007937
2029406
2716216
1468037
1590601
1432186
1970960
6519736
1408958
1138080
7979445
4822941
3898961
9941301
7905502
6380801
5122494
2110990
1776382
3872137
4777413
9856519
9426997
6343431
8021502
6190671
5700952
3342865
3530066
9333878
2950257
4940447
8226433
3979964
8155071
2365204
8087830
1203911
1803650
8252207
5847574
3142296
4497922
6287862
4043660
8358555
3486024
5696808
9972031
1163639
3008702
4779233
5611112
5790120
6749313
8291082
6139391
4984419
9956906
8960242
8655548
3121008
8346569
7253760
8566359
6561205
7991286
7593020
3764609
5706645
3917231
9198705
3200490
9596572
7649206
2639734
7055225
3692215
8703410
9146424
2738293
8691673
5002125
5012695
7477183
6624162
9579611
5775695
6138327
3907925
4459736
5836200
9518056
5660763
3949613
5938871
7442658
3328996
3907457
6495311
4437467
6401487
7559559
6612018
4233763
9896155
9010038
8144843
8288448
3922961
6638945
3842367
4176036
1878258
9001662
2319235
9433007
2122374
6359847
3156122
2457060
1640919
1185944
9642968
3598973
4180094
5242978
3454610
4941045
3717589
5987303
8223052
7927897
3835588
3464518
4740445
7290929
8067364
8662436
6309367
7792441
3991687
3457847
6686840
7670032
9072971
9398539
9974431
3340719
2199445
7559296
5299629
2505764
3014864
8577116
5310102
3295010
1198877
9689432
4351293
9830337
6301952
6526861
9717037
9109310
7204575
1897879
4160830
3574503
2193276
7035728
6077539
3809280
9660220
6368397
1851215
1223217
5584922
1246386
4036325
4780330
8778124
6109826
2251797
5511150
3848421
3193652
4972753
1772242
3593119
5517261
3800740
6919056
4949432
7488121
6969923
1976387
5717646
9011328
3624861
4069641
8676318
6317712
6544804
5070120
4178627
9259309
8805688
6124253
8915032
6892682
3621679
8091847
7934026
2506020
7730766
4510100
8343800
7250138
6555370
2542391
7480274
6906922
6009232
3419415
1873465
4914402
7215941
8347735
6368736
2532751
6261315
7511215
5479516
9565181
7999721
3971420
9614449
4965195
1735566
4081848
3479769
9611491
3178889
7184218
4336932
7555342
8024898
2859435
1591857
8039517
6089171
7335829
9199533
9136363
6806786
5674187
7071692
3830617
7001251
3297641
5524402
8274096
8454842
3332348
9218551
6733887
3519766
5523782
2447923
2022516
8118396
5103584
6097261
3557843
5864927
7061733
9123981
5825267
3471700
4203237
5950468
7161523
7958790
1519491
3453171
2717061
7465873
9910159
3604722
4651377
8777936
9356807
3149827
3949879
7116037
8546451
7345528
8573898
8507505
1405114
4194019
4198744
1623292
2032826
6630480
9366827
1128616
7157231
6353199
5665903
2790520
8167593
3617713
4555532
9166946
7288825
8257126
8304380
6879482
8811294
2475641
7315469
6620076
5289304
6288970
7843541
1427167
2602038
4794709
9578795
8618278
6554194
6831567
9976821
5411617
7858751
2791637
3276865
3132269
4056008
6231686
8416140
5265812
4241815
7315215
4555851
1198867
9060965
4586251
3304050
3530671
4783183
6850315
2033234
9149640
1237469
9893705
9998052
3618466
9481607
8654507
6135593
3946275
8058832
4458049
2623401
5463502
4118837
5993401
1615215
9275720
7561170
5612668
7729571
2555810
1596085
5431523
1489779
3724168
9865703
8520613
1925992
3406898
3335968
6117726
4237622
9066077
1368148
6112831
5920537
7643588
7407469
9593762
4180899
1523564
1956003
1574733
2990368
9255894
6171976
3192763
2853646
7645673
1624216
6493740
5119921
2086750
2328101
5325342
3213629
9023185
2809204
7495419
6809587
7463174
7685900
9373227
6001729
7748843
9142237
7619615
6823734
8070259
5674880
9585807
5472398
2341023
2851341
5468640
9401460
8478602
6689098
4420028
9999788
3758522
5082254
8054753
1826382
2668678
4451892
8843860
5325077
6173220
6105252
6204184
4427053
9848294
1344461
5674608
5702424
7321258
6688070
7041440
4197759
9361285
5922388
5983368
8789357
4995837
8174773
4269824
1262974
5098426
4919619
9933402
4779263
2812431
3561636
2658935
1304378
9635096
7860656
8533116
3590095
8174259
5758452
5005615
8473363
6900570
7106177
3845723
7663144
2289386
8185091
5708268
9873456
6425009
2963417
6963646
3364860
5605380
7672001
1144707
1998991
1741322
4878299
8565197
8667514
9965601
8530111
1600768
6640253
8681883
4953208
2659861
2937501
7754043
9241144
4032538
6011140
5234873
1336050
2771964
4136121
8362893
7787435
1319416
7255822
7680289
4306035
7765952
3133513
2495047
3774229
8593428
9134603
8065376
2270876
1848181
3225905
8962194
2785929
4163348
9717994
4689635
8205565
6588581
8980957
3725675
2028935
1709083
4506462
2923763
5099984
8206676
9315930
7151356
5675920
3436172
1772961
4256552
4239851
3473545
8742588
4513902
1809348
6176806
3153169
3739750
7967409
2503705
7185031
3257558
2435328
3696302
9316850
7499156
9661229
3591735
8453336
1873088
7627329
2508560
7729245
3135300
2943656
2415114
5620370
3087898
9377921
5218852
3027482
4632176
8762148
8998062
8460996
2048558
9717266
7072908
1341727
8140339
5475678
7048968
2635149
3124054
2162193
4133317
3499795
6253567
9246996
7517814
9502906
5865789
1506919
7758860
2924575
6322091
4289257
6853250
6729094
1181899
1845769
9357644
4708035
9505634
5509669
9152608
7263054
3826551
9651453
4863102
8898020
6224213
3951742
6746231
6159585
5586969
7615621
1337177
5698837
9423977
5839154
2149967
9814648
9124772
4407551
7248255
3260402
8397094
3988404
4025934
8786417
2048782
4978415
3036155
7007283
9360771
5070323
6875271
7494670
9976957
5200859
7666517
6382850
7380964
8128053
2023964
1344052
9024637
1743330
9575062
7563888
5538779
3048643
1872267
5682616
1317816
4702294
8377006
6763638
9669352
8848531
9008321
2309834
3199162
8279162
7388660
1140688
8135056
7043780
9084881
1954798
9915525
2218555
2330041
6698506
5435153
5373169
9932531
6001378
8278100
1941955
3341938
9965154
7516919
8463142
8504347
8008250
4621285
3292423
7231224
8542085
8079971
7502359
7752149
5232085
3018583
6761870
4197117
7245561
4842610
5407279
2294617
6943947
6290276
3965896
9277908
7869503
2290791
7747206
6024263
5928368
3998724
1273187
1576839
5452518
3784056
5938623
2850272
8838508
1292977
7711023
3384729
5394826
7333287
8925099
7201561
6682688
8179891
6276233
6838690
7020827
4813816
3295266
8528148
3406948
5917844
2527845
8511147
3842215
2352149
9100736
6594422
2215269
1514261
3949289
6708001
9294792
6784576
7987623
4016343
3661130
8005491
7333847
6501443
4472502
2336883
8275859
7386501
1862017
7545744
5303279
1155547
3196198
2332808
4750583
6255543
7351659
2881892
4865123
6116912
1673076
6661014
8084624
1485626
7972098
6456380
6193385
3107853
9370157
9830670
5066012
3624933
3667800
9272939
8443086
8877720
9552541
1649931
8924938
5454965
5684384
6135154
2598605
4568867
7728481
9974563
8843355
1885358
1371261
9822021
7391995
5317403
8862163
7083166
2438388
3068915
7062614
5319922
6563066
9330334
9270081
3103378
2681069
7768339
4185294
8133740
6856899
3939233
9064958
6003104
6683133
9640080
9246916
2919175
4139430
1135034
1417016
6300492
2743318
2474844
9554843
9959810
3287978
2660789
8691832
9152131
5898466
5706411
8322017
8890185
9759161
2480551
1758952
8565782
9026428
6253996
1187695
4227854
6621941
7310167
2387806
3785719
1551173
9868510
8118661
4373893
2709203
4123378
9451604
3206622
4754762
8370656
1241715
3380337
4638808
6409790
7775065
3258335
2826270
3540109
5997379
2144170
3124337
6542364
6842305
6531876
8531759
5254327
3698754
3440551
2054794
4060269
8621130
6345255
2804560
4318511
5283335
9848162
1527459
8732061
5930438
7611103
9347249
8241201
1663975
7189778
4256159
1806783
8045042
5428775
6645127
7784340
8884899
5448930
3911873
7960926
1517895
3491568
7330906
7538036
6764175
4582902
9242958
9518978
4109468
4186823
4602278
2714180
8736684
4389870
3695694
6164430
1856603
1628362
6094235
8897478
2941525
9590889
5036902
9285367
3112866
9143887
7188140
5378551
2183404
5260320
8760941
9304545
5782769
6549867
3853914
3614418
3891046
9852619
4696184
1189460
6246352
8137690
6544263
5033233
7734371
7778613
4152858
4615886
9185366
6697858
5661824
2132467
1747577
9545974
4028832
6469910
9388117
2716343
2772403
4456414
6977578
9469234
6538937
3297569
4317665
3980573
8251980
1440725
1504128
6724441
2490909
6585031
7146014
9114572
7003446
4439286
3781133
4203025
2760729
3505281
6196438
2100351
4767010
4451906
7288457
3859140
6673069
2120206
3676977
9317580
2051169
4825783
6467565
1142666
2198228
2867701
4228553
3245046
5019253
9208496
4481242
2669126
2482360
1801788
9179232
4509916
7877714
1395708
9747606
6417454
5686091
8334463
7610520
6415433
8955994
3944592
4235140
4004159
2683214
5345889
5443620
7816109
2462505
2546615
9017894
5436566
9357145
6999259
5052270
5124665
7291519
8036939
5639727
7505440
9281035
8770067
3725331
3416130
2434769
1147574
5610636
6732808
3826839
1636406
5455326
3009420
9415386
4343128
3803203
4258532
6207950
3534375
1165586
4864036
4109240
9925982
6474714
6579164
7791970
5526412
5828915
4430444
9032115
7724958
1622004
8798546
6498855
2812006
6444646
2183906
6972389
9385074
5423293
7476887
2979782
8839311
4167546
4410554
8262093
8435335
7599070
9075070
8883936
2492394
5088726
9904375
5466718
3180862
1383906
9292019
9778647
1469049
7006010
7521905
5752353
7113064
2952588
9387981
1984688
9754709
9668991
8181394
8661295
5465400
7646422
3565382
3934266
5539270
4184959
6654271
6958824
4366235
3246799
4727343
3714233
7731453
9617090
9265671
1637381
6577185
4381781
4379679
8303063
3310868
5803539
8022891
9357902
6747737
1411625
9368521
1719727
8738781
8418531
5429821
7270477
4502764
6291393
8664560
7639707
7858983
5896358
7317583
9352458
2516067
8725790
2102804
9767106
9296526
3460637
2641781
1610514
4476691
8832016
2832614
8523969
3104200
4997353
4562880
8839271
6328222
6932693
2212235
4024754
5185920
4590054
4684380
8295565
9324542
6411847
3081960
4215641
2535713
5325885
8232291
2696915
5064469
3342507
9255376
6410441
6466124
6997666
3452781
7885894
5881120
5548271
6844486
1914119
5640950
9951245
5290263
8523398
6229713
1220678
1186736
1170715
1553228
7751490
5349450
4971992
1754327
7047138
9710598
3305783
2919787
4539424
7051514
7091580
8644482
5371213
9935758
3955504
9565881
7202685
8845059
2977495
1409750
1788730
2975073
8921610
5152986
3248687
8022771
7938776
4322211
4730848
1877873
9736207
4346529
7788150
1437839
4841042
8022924
2065608
1673502
8131586
7418808
6976938
7418015
7401811
4444402
3446332
1867277
1163503
1538162
3028023
9197470
9913093
8125749
2234583
7527400
4879839
5651168
7408691
9814867
2738868
6249659
8464266
3623611
8021096
3141634
1362970
1248165
8740232
8050766
2700502
9922101
4997706
6527710
5448208
2243321
9844893
1329200
7283916
8964608
1462188
9081524
3412829
9898395
1213596
8352450
9315536
4789117
5202940
1504741
6385973
6425698
2374664
3100728
7463769
1970549
9577768
6761839
4756418
5997860
8911313
7151279
5465446
7001473
8213784
7098452
8801563
6163112
6198467
4095274
6190180
1269558
2199910
1864061
9689928
9565042
8457618
3433022
6295909
6769525
5152206
1719714
5834874
7270527
2432246
4502504
8922238
5419302
4189632
2999778
5212558
7930322
2175067
4780205
6028643
8614266
4242134
4240516
1518660
6849091
9939001
2976276
5199115
3455041
9019699
9325437
7737062
6122405
8285084
2759401
6693767
6611006
8438020
3785050
9589808
8424792
2155165
7069855
2103994
2496211
7045203
8146966
6026317
2699925
3032753
3174255
7093013
3590827
9991692
7492206
6509137
2287183
6734284
7921085
8600971
8948629
8272567
8066695
2240577
7675440
1349605
3369115
5924944
8145848
5186933
9018632
4255824
3865753
5021436
1685145
6954918
4281103
9523179
9841797
3826980
3980640
3596362
9630400
5197040
5654634
1367998
4505546
9309209
4696924
4958357
9966994
6073468
4740581
5120674
1687021
9949157
8213204
9766941
1330728
2180338
8548073
7055669
8000939
8150473
3459932
2050260
3485330
2282170
8288763
9427309
7777483
8808297
3860960
5986015
2411031
1301519
4705788
7276854
4681669
3277256
3068988
3249452
5194509
2961272
3427330
8128832
8988353
8157434
1425030
9300926
3245673
4088120
3832188
5971872
9714729
2423915
1888380
8431656
1337703
9423269
4921987
4525251
2350160
9292178
7785070
4105002
4528384
4606291
7177527
4253627
4192177
8859110
2644638
7310172
1726020
4812077
2257954
7898303
4177468
4725312
3373734
9693170
1304303
3751221
1997099
1284256
7886961
3207375
4222264
8030967
6833929
7464866
6893556
2368880
4740722
1538035
3807629
5399014
3840088
5749406
8965175
9682754
8502717
8708111
6468246
7662595
5245226
7351102
5768094
6571142
8586277
1727552
7588890
4125061
4766191
4406871
7674569
2339848
4185364
5983690
9178953
2965127
3508434
4200190
7533329
2019353
7561366
8174994
3528050
9752766
7177906
8506047
7208867
7986685
9887737
2744775
2466448
4837417
7399733
5062558
6686435
3555094
2702305
5291010
5444420
7024693
6988802
9753156
5255267
6231568
2968624
4516750
1995583
6917340
2879331
1540885
4891785
5780324
7146655
2214780
3452174
8938880
5952610
1210573
5327473
5271050
5652759
6492741
8712784
8918099
7804435
7333263
4520792
4590975
7644134
6234711
9825725
3880815
9876082
3632904
4110376
3436149
7552625
9880996
5809269
4690580
6829293
1402045
2004854
5225936
7058615
2494991
8708914
6434654
7879475
3132321
4328437
9602368
8054135
8228859
2347822
3434854
8684853
1146484
3537713
2043176
3636544
6823034
5526542
1376090
4882231
9716453
2078601
6591459
7825479
7512340
9074335
2194178
9460172
9663422
9390630
6461000
9008998
9213109
8563605
5632648
3222672
3035700
2229799
3197342
7892504
8534666
1997453
6274422
6988927
8545421
7448071
6934433
9600967
7061060
1360954
7477639
4999019
4840804
3780963
5986839
3871162
4450029
2518888
9195241
4256774
3832004
4124467
5645661
5310681
7018094
6198159
7458821
5188725
5909193
6941454
1915804
4279011
9682809
7895338
9594289
8615798
5022563
9525911
2691272
4890105
9415850
9717071
8760767
9138816
2974664
6414072
7593581
8713114
2131360
8617353
6604617
7208269
9408651
1197904
4373248
7889717
4260379
2824932
6695821
9338391
1909587
8415222
3574444
7300513
1284782
2970389
2325325
4167743
2745066
4926111
4209401
5100119
2120977
2909261
5302833
2351548
6106839
3108880
6169766
6981059
3410096
5580350
2546696
9958222
1152830
8801903
7524047
6648989
7854293
7728325
2189684
7744258
3585667
6614771
2199359
4839335
6360619
4736060
5404178
1627150
3318653
3053773
8465347
9752135
7120006
1421702
2764792
3371888
9030988
3630873
3188989
6118873
5667170
7281297
9117125
8199229
2906230
1706210
6433992
9203455
3817236
4727076
1979276
6888648
9172807
8821254
5859484
6525252
5841956
8571609
9645270
8952157
9603116
3153731
8803240
7681478
1575096
7465260
2901778
1709122
3414082
2973534
5185518
2364416
1978401
6206817
4661708
4862458
5471211
3890601
3452882
8909356
7947319
8362797
3014595
1228043
9677578
2730113
9101800
7357746
6814351
9344487
7258817
9634601
1874825
7532108
9005561
8044616
8426356
6747575
1272988
7577152
9767587
8892594
6685749
5345238
6101597
5622769
2625334
9537281
8978080
6065400
7668261
5441298
7181415
1688403
7320801
9325652
7167199
4299050
5570164
2298521
9278201
5497665
5947824
9360874
8746319
9618067
4675422
6021450
8536204
2201068
8469085
4401268
8928653
2202671
7102467
8292762
6853086
6176064
3002263
4147428
4566904
4802948
5752109
3677420
8258172
5060609
5509883
7795188
9324614
6168244
6085443
1581747
5080295
7593709
8819090
2355679
2984057
8739839
1485225
5033989
8222690
1561689
1207105
8168337
2045493
8630421
6804368
1525843
8189877
5320899
6413386
4693383
4117037
2634108
6377700
5202954
3988492
5532962
6715394
3682541
4841266
8236338
7581888
8052835
1588614
6739420
9876496
4266833
8684647
7893875
4518809
8048854
1511377
8426808
5705100
2533101
2453952
4984955
1878559
4984798
8420053
5986046
8368344
6762744
1952777
7457724
3764450
8556496
5388537
6458035
8806956
5740039
4925758
7912887
5333012
8295168
1890282
5364416
9258318
3325541
3998384
4257749
7466183
2483528
9488534
6939321
7472223
5815103
4806336
9213694
6053507
5233118
9022902
4901407
1679040
1446128
4018409
6836168
8611029
1544081
2989981
4243293
9036838
2678738
3674026
4452257
7797518
8176756
9221383
9219985
6252679
4682184
6216418
4036283
8781124
1700859
8385288
6423483
9633603
4285603
5052649
3371043
6047419
9092817
5267686
6293096
2615874
4177754
6231736
1137594
4445031
1113137
9032308
6068165
1647360
3110904
8453147
9979249
3326897
1867066
1184548
8729002
7775719
3977389
1872812
4357759
3659787
3435441
2246985
4667272
1223808
6432753
1480973
5362766
3556546
8411090
6799454
6475063
7263498
8210787
5839833
5367211
9853583
8367627
9740741
2213799
8729662
3704821
9857702
6898357
4205082
4190155
8326506
7386313
3929720
4031532
8098740
1980630
3564889
5473505
2421335
8948599
9720127
8134491
5449204
5896839
1154333
3052385
9038497
7980260
8010702
3888748
5312999
9810689
5411415
3657834
2066151
8742836
6338525
5342353
6319812
2085690
7431872
5530602
7440819
4524247
4521309
6356945
8907646
9824280
7832868
4487139
8741056
6199698
8327026
3580551
9221806
4664969
4238504
5959343
3172352
2395947
2640584
6672648
8719811
9792442
1346151
7301401
7827657
1959429
7452684
1276665
6297078
5637368
3450493
6977480
3752913
9062324
7009839
2232344
8208662
2420708
9266226
7077046
8359465
9930994
5690924
6175041
2071127
7283633
2612154
3375653
4382391
7879123
5022464
9366972
3230710
8231599
9430322
9309739
9400194
6393996
6756377
6015786
7741329
1124485
9358037
7977431
6440095
9132326
1231733
2466149
7783854
4219883
5712002
7986732
5521300
2256666
3185147
1988163
7925976
4344874
9273147
5010453
2479794
7488692
9711047
7908708
9319040
7926718
3404143
2987610
3204909
4280373
9407464
5949242
1739451
4150500
5675638
5440584
5388013
3196294
9687425
3401880
8392031
5290843
1643576
2844063
3209864
9754556
8045611
4777860
7406548
2828539
7559310
6111944
7717629
8312523
5148588
4462030
6439384
3536980
3723345
9544909
9172605
2008114
4801960
5717225
8177456
8989170
5768667
5825423
3024746
4470815
3147521
4672237
9153691
9909102
5879158
2124803
6369948
5669729
5163135
9970674
6981173
6237310
1370146
5836340
4294189
3347915
7225530
3064127
4379328
1399205
5843961
7894532
2862620
9204575
4171874
6492487
1149637
5193028
7014377
2133725
4887474
9010229
2727293
4694268
9557051
7386025
4552018
7381050
8855286
6218406
5915868
2650479
2547335
6128649
2359882
7654034
3441718
5358170
3802741
1607872
6987127
3415677
5618121
9679748
3196060
1628022
1728212
2534333
4432636
7153792
5743663
3521732
4403056
2035379
2707797
1919020
5770269
7073636
1719905
1239975
9354154
8022131
6927581
6896980
6457928
5859347
9379412
6934956
3648635
8958274
5271887
2202831
6001631
9438046
3932114
9596447
6594510
2430525
4333708
8671055
2299305
6408500
3998558
1778768
7368819
2359241
2334913
8320181
1911439
2163083
9821611
4736143
1233548
8220066
6500784
4235290
1696503
3486381
8155996
3019534
2166764
4521803
4052199
4919034
2854371
4038496
5133334
5944982
6426522
9799336
6390607
7824876
7807371
3454686
8342540
8789178
2747679
2215263
4801828
1567435
6332034
1469061
4105934
1603029
5705117
8754837
7411192
7047110
8711652
7274977
9557537
2946303
2915406
7962688
3896479
1375365
8957282
9479999
1124219
5976823
6825419
5455782
8772361
1484208
8765651
6949142
5218049
8632799
1753911
4188109
2652251
8102717
6837999
3324451
7007464
4277977
9868893
8814728
7566553
1691789
3789289
2909944
4174942
8727330
9235129
8151814
3631687
2649384
9504036
8722609
9393543
8021805
9102272
3112774
9967786
8188096
3121733
9830651
6868052
2365094
4172294
6101238
6523120
6406197
1249864
2391487
2616866
6438552
6500754
6203478
4372536
7290345
5508031
2209633
4089715
3722923
9258567
4216184
7695916
2479690
7538344
5398825
6607434
9808273
6097004
9784763
3259008
1258330
2583977
7608291
5111866
3639014
2430768
9927619
2417450
8489681
6706125
3225956
9530457
8684530
3207791
4753445
1199139
4528339
6454127
3009777
3678578
2384654
7988404
3219562
5960232
4694874
5317505
5021986
1644241
1544301
9601547
1353713
5596371
8052661
6021614
7746170
2580084
3470587
8749727
6143034
5864901
3880038
4328922
7900324
1208682
7515224
2096630
9531324
2658744
4408557
9621765
1249389
4398032
9319300
8712433
9113838
1948068
4232502
8330896
8649205
6829915
8360881
8825268
2973132
9645003
4802847
9157522
4088246
4238826
2715509
7024552
2880390
9305415
3550378
7105253
8276024
4347462
7125811
3003236
5702104
2489571
3315166
5574655
2550178
9390416
9279551
4039183
9608670
5965938
3715857
6916540
6060474
6309209
2121233
4404382
8566276
3782711
6524400
8199420
3657310
3306299
6589314
7762546
4463621
2496715
5121457
5629369
7274036
2049306
4920110
6049635
6072875
6916571
6796329
7663181
8540378
2638457
3917218
3359270
2751080
3669643
6438386
3346101
1540640
9800862
9647861
8472381
7237665
8751754
4590413
5470340
7442277
7738018
8065725
2200828
1397270
3386213
2714758
2458461
9731710
5513124
7654883
7299133
6360126
2968447
8156176
7631899
2060281
8154709
9788580
2404094
9949259
6203956
5038811
8566247
1862300
2772926
4387896
1663426
9315130
1322324
6380339
3890323
9849901
3747653
7781301
4186444
5604728
1329418
6699108
5095170
7789575
9141913
5636983
3443702
3313728
4932673
8942601
9814971
9896763
1851274
3271715
4384419
2139617
8083082
7310423
2501509
9023584
5150506
9953283
8517563
3898199
5950220
8519275
9699966
5630560
1463573
6657135
7431820
8536421
7477621
7936750
5954418
6473384
4932832
1302083
2916627
9274866
7172943
5798688
2748102
9667362
2847188
6046880
2079215
4380573
5735390
8436819
8846410
9143384
2560586
6669936
6834681
7426030
5790766
5437111
4833045
7448779
2321456
7677588
4640277
1705900
4193376
8706098
8460592
4472326
8507086
3243097
8274580
6975334
9458202
4174875
3916452
2466058
9132853
8173055
9792331
6867646
2939241
2549544
2567923
1248670
7689540
2164291
6920737
9237086
3743719
8638531
8914165
2554508
6406826
7547629
2430962
1892045
7723006
8978005
2010221
5993916
2099642
5628626
2921343
9494335
4551577
9499082
6440940
5015708
1529729
1160822
6015204
4106130
2398905
5147669
7343900
6505603
6488407
3905083
1947254
7811662
9855376
2778584
2871122
9833007
6312878
2629459
5713438
9831916
3060093
6954791
9378734
5621880
6192921
5004212
8993515
3104685
2620916
5654359
9420254
4642827
4686710
9369617
6432726
5486112
7853175
5741483
3984746
2015279
1672972
8580627
1889446
1309066
9309218
4318492
3254855
6286957
5727790
6857015
2146345
6515162
1414574
9575794
6724838
7192861
3102552
7514144
5304601
2520140
8439575
3867790
7858096
6414232
2230700
9937496
5848722
5540503
4196001
6939449
4816249
9166074
4180361
7043966
8733083
5782138
1310682
8490301
6538579
2684815
5336836
6044994
6544229
2941907
9604723
8430408
4532516
4847581
3360092
5160370
9155947
7538046
6820377
2313345
2974566
3496505
2339906
7227245
3962164
9844056
2815554
6658793
7812734
9110750
7117566
7777073
9578816
8275880
4096858
2788228
1621350
7606717
2454338
1695419
4538710
5152905
5630837
9968896
9644199
6941748
5163387
5613326
3502247
5828829
6528522
9261594
6045567
7959457
5358184
9158998
6172012
9073043
2500424
6617026
4066131
5813911
5455597
5255017
5812439
7117975
6973724
4406307
7035061
2345119
9184196
5016684
8823355
8245343
9797493
7551017
4758187
5989691
6726534
7278113
7039217
7034565
2715101
1150033
8366049
1903751
7270975
5862976
2696505
7983447
7516310
3025782
7813461
7197630
1948550
9564180
5344769
9568103
3171716
5527937
6703625
2906043
1615378
8860698
7837135
5798330
3515796
3069614
7182607
1963296
9940283
8353968
2869785
5114285
1522000
9788466
9553831
4730798
3749602
5533753
2143061
6735596
2347831
1795598
4919408
2586243
7394271
4353675
4664240
9888217
1397738
1917356
1795005
2526147
5293797
2175037
4250020
4416577
4794320
9938820
7135135
5255178
8365232
3479849
4690005
8586076
4379900
6655682
3808877
3046490
5277178
4095743
6757906
9150080
2452840
2298170
8552413
8162324
6262261
8495707
3171230
8568661
6918087
2199848
3151197
8052177
7535165
2972980
5531642
2107705
8896152
3170375
5887328
5247887
1347989
4955137
5271655
1817961
2201070
9633106
5383890
2221717
5291434
5630211
5282866
9654741
4571016
7324525
6593254
8443964
8820417
6952980
4763066
8579478
6575118
8124722
3964581
3028341
8785869
2146070
8015464
7202684
3011241
5430164
9102293
9907624
1575010
3921930
5311099
7195924
4992113
7692786
9639165
3196180
6313564
7109907
1456907
3938251
8421871
9288249
4066464
1842471
6753455
5193229
1800553
3955553
2616811
4337875
8975400
3583168
5320163
8826547
4733917
8578509
9157073
5330910
8011495
2801031
4011883
6078312
5535855
9529232
5237619
2620510
6822215
4034967
8085175
3237604
5169148
7782151
6237098
5838021
7525799
6022915
4691312
1117410
6306917
9098309
3652030
9794179
6771195
8823861
1951372
2838373
5807709
9165574
8917003
3635012
3379021
7772629
8393720
2560731
5185901
8857403
4759115
2147325
5577534
8801479
7776363
5172197
3043464
9082836
1316017
2293913
8584545
2711791
7065779
9098126
3890268
2983375
2763211
2818289
8046792
4993557
6698725
6850034
9508928
9127070
6178147
8605876
3531218
6918136
9550012
7632521
7019709
1305572
5111941
1251262
8754346
3307420
9561054
1822059
3563122
4390490
2956377
6091365
1876333
7693255
2981421
6347093
9201166
1433038
7916193
7487997
9865090
5346177
3651587
2378103
4094930
7760533
6846747
2841936
5477823
2054304
6454234
9930391
4307756
5384214
5212790
7877571
9325976
7461627
9227002
3054634
7684118
1379184
8318806
8198996
3539512
9240963
4462737
9747476
5656624
9798203
6894016
3032994
8894568
6552686
3391046
9371682
5501800
5222193
4896585
8202943
6672748
9675942
9192164
6642796
6623334
6377290
6729671
8803227
5026605
2637544
1769586
6946392
7629304
4253260
1689672
1918415
2303874
9769852
7627014
9824632
5573350
3911483
7561661
4223838
5989005
1544887
2645496
3791055
9147616
9552668
6616441
6332237
3895338
5712266
5922591
5499963
3178996
9419040
7867815
4973299
7745740
1723380
1784084
2380748
8898588
3160716
9411205
9435268
1145009
7548361
1578306
3971607
6488421
6134825
1767902
2288535
7393700
7107582
2539880
7727203
2541424
2329363
7697503
9591829
2311960
7448993
7976949
7065393
3621213
5954191
7390146
1898309
2558545
9319394
8160170
7849946
3721506
8216154
7775674
1783081
3394645
4311101
4035011
6792450
9739009
3352629
9313329
4714078
1503829
4274588
5621783
3380803
7285720
3237599
1886620
4125500
7298640
4301123
9515777
2153942
4400335
9965223
2762111
8370208
9560727
9542567
5919961
8154446
8290540
1866120
3937641
4496512
9235308
3496834
5401459
4516965
9254315
3280565
1889049
4744038
5580342
3516891
9715422
8653578
1935551
3026310
1356844
4618304
1535988
8991315
2373790
5944730
4678113
6864724
4194669
2611527
7539748
3970404
8409854
8540198
3852941
8214681
3200144
5988010
8727052
4463664
5765313
8037418
3105416
2351398
9835041
9222050
7285747
9660143
4102403
2077118
1257488
1305704
9419549
9537295
5312958
7234955
3634328
3066874
4089995
7512203
9734836
1211182
7619781
2044998
3300517
2379873
3952162
8145196
4683926
2545070
9610865
6880318
3934785
8036734
3751771
8116009
3557652
7586315
7908778
2864338
2755752
1716357
4050115
6880547
4989446
4427471
9379507
8730587
1655080
4682244
8164805
3704883
5637397
6709088
9672327
8482264
6544836
1522751
3170350
5318797
8848809
8849534
4927159
7108966
5565975
7296498
7776697
9539652
9462848
5540180
8073705
8725066
4182487
5006212
3750305
1172742
7455600
1535889
1295470
5943365
4412307
6143150
9020591
8187211
7168148
9192178
9829393
4590334
7061004
6741527
1138055
3877903
5857578
1340544
7215468
1165654
5361402
7821226
6321666
3682532
3878811
2702234
2178436
7528810
5306036
7689025
6016248
6384787
6681194
2293759
2719347
2368115
2728252
6919038
2799543
7017696
7730278
9617758
4046929
6345996
7698968
7249553
6327752
6132295
6890298
6577120
6737704
4069058
4969881
9178866
3915779
6344939
3624229
3309342
1574263
2845769
4061652
1284408
6034656
2393078
8439736
2616478
6706018
1140218
2335508
2169256
8928276
2018338
8625818
7158395
8383544
4305107
5971792
1112399
3827072
4708179
1714618
7182033
5586074
1658928
5487385
2576985
3746828
2858561
1364054
3338360
4382673
6603416
8712332
2166065
5410138
1353824
4638332
5448436
3884421
4854895
2200174
2565500
8973993
4617644
8135413
9630531
2962507
5446361
5050814
6949525
6575979
7863242
5198972
7681908
5728876
3663695
4335249
3900589
2684818
6626164
6270233
1886035
2095929
2773444
9194210
2991417
7616576
5172856
9884007
8609902
4049426
2333541
3517854
1857026
3495375
8766359
7981438
3941523
7116949
4621901
9346807
2058411
9530327
2962624
8687985
6093910
5726735
5489156
8813460
4318599
9499025
8368939
7995207
9243363
9162545
8937899
9778885
7850852
5428900
2338277
5450956
4303395
6618308
3627260
7869329
9075850
1656519
4105549
2922051
9081116
5186385
8203945
8902715
9266169
7984091
5450195
3971275
2137808
2701076
8792568
7623240
8222608
9748146
2412197
1319020
2527950
9380450
9076509
6125611
1334710
8919327
3060101
3706696
2582043
6315269
4742360
8131372
7921456
6590892
8769802
3556930
2008274
1995555
9067403
8572569
4075844
5057757
1696103
1249575
5203825
6815345
2947283
3973613
5253669
2340373
9873534
1187391
4581215
2489326
2250702
2149790
1866530
9907584
5325946
7980509
5409907
2861342
8012039
9240598
3203858
6064595
5088513
5911290
1190884
3395216
1413329
1121623
7379757
6932691
3728538
1601895
4482714
3180970
3743817
9139406
9506227
6871793
4876333
8006064
9912566
3594590
7724493
4694138
7436862
3880034
9252862
7175388
4255370
2729277
9156724
8296159
9429603
2434021
7744847
8683663
1580654
3525090
4369882
7363701
6599067
8713577
8647141
2128883
3191105
8284465
6136391
4407209
6408062
8163551
8578180
6738341
2635258
5291479
7067305
8058807
2286308
7871430
3005656
9109256
1927374
7724028
2293029
2668468
7198463
6720397
3236801
3728484
9919535
6998227
3847094
8924362
2854793
9320499
3225530
8481818
3504543
3717578
2564906
7083882
2286155
7697408
4125358
5527803
9259642
8134771
2810707
2723517
4625229
9154432
5762836
6969699
9082266
1225470
9062724
2189816
1639784
5627188
8651517
1293546
8927608
1234587
2043553
9365717
2051580
1925846
8641940
2963973
1423976
2866468
4764458
8786755
4737585
9727613
1175265
4427117
1516947
3234111
6063204
6072573
1417793
4310483
7094680
7151835
8512102
4230383
5884335
9337829
4274504
4600362
9402116
3683613
2347565
4320535
7438399
9957504
4133627
9518718
3799425
4374262
2081364
8142877
6648509
6233528
4453957
2046218
6278552
2066719
1613559
3576217
8716662
6891545
9652005
9081465
9965365
3940204
2905021
4751087
9242189
2238872
1763720
6953588
5789375
7128229
3571307
3634959
2428190
6572264
8297624
7367589
5224636
6948635
7313803
4350229
1703472
6737138
9853464
3145974
9602730
5881881
6883370
1457541
1751426
8140249
2065742
9537403
6410092
2247592
9101283
3059637
4331449
2211151
5962349
3973301
9802966
1608347
7202954
7831365
6625541
2090132
4372694
3380121
2371765
7143160
7291979
5878661
7219776
8080235
1113390
6030598
6179976
3427329
2820460
5987826
2748414
5381077
3468408
9055010
8059789
1755779
6199310
5166290
8773672
4739626
8719147
3992370
5241421
1276396
7414021
5758852
4974288
5426325
9376308
7588283
7023234
4530017
7675575
8133147
3018750
4182306
6811361
3862596
1937727
4274978
3754816
4324296
9494364
9636820
4506749
2856954
9789507
2840156
6504120
7134559
6458388
2964675
6157559
9393433
8858126
5920434
8313006
2798689
8591262
7927824
9344883
6629151
7903538
7123695
5383741
6954203
9498428
9181748
2082412
6918581
2711718
2079200
6572018
9633750
2110896
5834155
4473982
8754638
5342283
2642392
1991450
2820923
3309969
6004628
1873581
3772501
7337172
1623943
3000452
9670848
5863220
4904877
5076821
2427511
3762072
5316669
8702943
2094681
8741391
1652498
5968002
8855375
3441732
7538410
4785271
6320321
6338411
2045331
4113272
5186191
1680622
9854141
2252882
9222351
2448725
6389524
2880725
1779149
9381175
8295355
6565976
5367683
1723442
4836102
5787182
1604178
6751381
3510511
6121286
4894986
3558430
3145674
7563934
8211822
3185101
4985911
8350994
2649530
2524802
3435823
2990253
9291028
4628265
7163580
3008584
6594473
2361753
9680729
9084560
3639944
3592081
6266296
5336092
5110073
8169288
2214373
9796175
4835044
6230113
7822318
7766285
6411843
9785403
2076548
2202033
8727787
5510446
1628792
2754382
4546902
3467639
3594068
5503430
5594875
3037505
9290011
4491953
3730657
7059156
3248539
7291589
3507187
5289262
4713296
2032572
4922666
1851413
5742765
1865689
2314050
1252165
3702147
8817384
5080359
1368016
8963554
1657279
5803442
9173084
4041366
8028463
1835299
1264515
8688355
3640179
3274054
3188909
8895100
7652356
4672170
2940364
7033167
4535911
4002185
4870538
2919148
8791423
8370240
9556164
3672958
1733616
6508574
4358078
7217110
7172829
9940564
1322092
9448263
4484125
4611284
1157756
1239109
8782501
9017304
4729974
6849126
7262789
2128403
6127863
4518414
8239833
3835215
4772474
1761214
8752255
3833686
6851810
8850784
1795631
1138291
6185173
7328449
6301104
8158663
5501016
9187657
6306929
7365184
4821796
5089756
4122841
1615776
8586896
7543613
1462466
9941664
9925274
6041955
9957187
1854718
8417513
4547347
1644120
5009362
1161628
3716783
8047458
5445791
2410793
8326411
3458783
3300903
1235726
2562594
8214813
4864400
8796293
8039646
8665354
8000382
9673230
6893446
7659632
6537975
8634723
1356959
7490355
2924162
2479788
6329499
9613297
4271913
9554159
9507125
6524775
9842410
5000088
4235615
5065677
6810149
7743764
1735709
8947976
4823366
7083192
2146157
9284865
3134247
4146405
9656318
7681853
6158763
8391455
4376558
2551785
9298194
7604046
6632584
5734191
7952320
5788497
2496643
2350509
5895812
7076213
9416058
8286496
2924726
2096572
2483386
8291122
5608281
3488131
1268455
3878845
1578695
7073846
4825491
5369409
5215137
6080604
7212752
2111722
2075871
1593384
2150193
7419262
4436891
4853047
7837780
2397734
2270891
1131540
4198810
8190764
4415570
7313171
9034675
4324702
3543650
3395914
9714716
7319489
5517422
5927011
5558156
2001351
8736646
2894957
6287489
3798502
7362356
5353600
4300663
9145092
8283379
4435349
9586127
9505159
8727213
9014751
9197109
2039860
1403638
5685086
4075736
3315904
3506430
8146309
8095966
3601086
7703648
5689169
2100367
9552861
8128683
8843000
7207225
8798579
2343006
5284127
1946319
7699350
3214087
5936805
8451402
8702276
1570963
7459997
9810265
2730502
1655373
8201613
3577174
2558690
2406780
9614051
5669559
2314831
3404422
3861819
9379674
1974219
8889544
7386847
5716439
2945440
6445686
4906662
4087776
5812440
5830275
6698114
2571464
5024753
4605062
9843164
3088139
2997131
1125423
9751712
2761652
2253095
4221338
9862923
6368899
6626021
3612971
7700338
9594601
3221521
4685104
1754183
8033079
6818036
6068330
6422780
4168676
2830749
6788446
1112742
7769867
6629896
3804328
2924577
9218741
9128729
6584785
4457057
7399607
4219460
7813689
9780511
6401994
5398610
3515342
9737265
3201636
3963032
3521213
9947746
4976039
7171219
2059222
1783567
6451655
6070985
4811021
2466753
2141085
4853358
1228126
5909549
6292798
2020863
8794327
7017498
5036522
3536925
8358726
2698653
3734126
1668238
8724939
1363471
7218838
9444845
4932263
5135285
2372547
6122331
7122991
8589793
7842108
3526504
8324189
3147069
4040219
3615196
4944463
8433499
5782614
7437232
2991133
8124376
5874881
5684446
2803539
6262851
1695558
2307831
7780706
6217014
3965974
4498767
1932715
5010690
3976598
8053283
3462807
3296148
9717536
8637245
4423399
7879605
5875724
7246764
1918178
4327249
6788050
9839661
7286047
8720067
6401045
6891381
3325295
5035594
1408407
7395840
6913311
7308830
4556878
2570882
6943175
6112749
9309755
8821907
5418028
2206984
2060633
7191777
1943610
5289533
4531648
8681373
5752816
4533541
2716025
6599229
3327650
8005504
8700632
7329424
3656299
5553727
9277710
4917983
9817955
8937868
6954123
6503424
2742638
4266777
1481501
3199359
4552427
2822313
9701439
8345668
4780668
2732666
7129815
6127880
7131180
9560490
6946650
7388117
1305491
6429307
7336286
9599192
7345407
2363636
9853236
2871562
5792602
2631558
8265350
5170391
5624034
8381508
3674464
3097404
9715212
5343178
1812810
7016331
2954047
5640248
8297367
9673013
1977361
5663713
1349588
2838556
4605274
7640244
9916758
2158581
7184891
2230022
6390437
5729536
6432951
9581321
7823757
2203592
1114411
7640784
6493942
3852979
7351999
5092520
8905692
2053861
6129339
5700132
2321822
6326205
7829736
2745784
5632971
4875668
4110527
3638999
5856015
2864141
9150118
5641599
2478470
4126738
4397700
9760214
1126417
1297184
5223916
1470349
2977834
4259233
7171477
6569093
7368581
4103719
9753636
5499218
4575840
3072966
7130290
3392619
4245662
7763528
4929253
3278025
3648247
8688504
1677394
2467960
4202788
3678497
2072600
6484899
9543045
4812073
8226946
7380963
3634575
8689710
7267589
8679920
1653683
2286079
5776501
7214895
5868001
5241740
9107033
3853124
7943320
4524836
6129977
3414582
2336616
8424714
9864297
5287221
3335033
4813296
8138145
7534815
6228085
2666804
9293587
4227477
9205226
3176872
4028260
2681850
4161394
4779644
4026599
1360970
3260189
3975459
6037932
8865838
3984018
5688946
4344677
7438129
1777517
9117387
2477199
3700906
4187591
5686609
6251571
6744939
3585613
8278659
7582623
3614339
1465781
4175004
5573192
7506990
3677807
3887520
8621600
6072239
4169990
3972335
6999514
9278235
9421643
9548400
4498734
4607847
5111508
8483897
8408516
4071243
7195760
5091539
4408017
8341483
9167641
2019676
3954850
9511257
3975946
4578866
7394334
2539467
4529285
6988259
5935353
7766697
9011566
9925851
3128793
8533977
3686445
4000230
1669151
5162385
6153413
2299000
1960179
3027809
3663619
6073456
9602919
8351562
5562810
1484435
5556068
5279203
5917051
2705728
9715677
9239445
2860885
4855124
4464909
3960737
4921616
8588101
9686581
5714197
7600735
1678021
3954449
5825115
4300036
7662708
4061590
4190308
9366224
7670021
3187409
4290741
3893943
4541534
4061560
5029441
4151195
8928771
7802563
4188545
2990117
4632112
1645645
3266694
8893999
8411081
2750687
6815124
7122776
1697485
6413163
1790788
9663053
6764013
7083830
5085574
1283223
7845497
3093590
1621329
3700986
6845239
7401411
8426424
3012291
5245257
5154453
7853052
6298252
1862399
8637672
2933486
2771803
5600368
6776438
9067630
5422989
8555468
3930102
6959201
8794317
9906624
4501529
7359126
7355783
8440760
2884780
6236152
9166081
3399286
7150787
7717536
1387577
2416448
6633922
2845685
7344728
4460880
4667855
6774891
8344721
3722111
4929550
7964443
7419415
5200394
1439512
4506180
3775524
8579351
4885570
4649601
6475966
5891493
4374020
8646430
3846495
5383895
8643793
7509521
5452300
3197271
5123970
9279042
9611015
1684112
4191131
5220955
5312421
7082905
7651670
9593094
7697330
5372624
4999134
8579385
2516553
9829878
9706061
7317664
9187938
7897942
5990082
3905935
1544972
7816060
2666528
1468924
4690000
5789164
6833727
4004202
4542619
3923278
6676542
8172690
9603195
5276614
3830092
4060809
8465508
7879896
1114641
9325085
5642833
9352274
7105436
4495946
2569838
6016039
9367786
4879645
9746998
5642654
1692871
3389032
8770712
2427591
3946525
1724029
2532665
7715181
7884679
5890885
4050774
7091717
2530127
2404598
8880744
9738687
6837762
2635011
7275664
4176163
7664653
4872190
4276953
3059130
6509542
4536597
1467636
5440668
7588511
5850973
9974142
5705825
3955474
9738704
7835860
8212133
3133853
1729309
9594332
7842423
6596775
7758562
6625365
8702793
4173668
5296143
7263692
9415076
7066936
3691453
7207252
6617880
8561497
8235672
5546223
1347583
6890630
5563497
1994434
1600916
6309021
6509860
9367202
6610313
2308863
6896701
7683477
9104747
4584693
9933943
2683142
4494766
5546357
1134084
9601595
7106480
9324103
4227641
7703112
2858703
2778468
2600386
4602201
2691338
5365849
1276501
2965506
4232677
7065662
1796113
7403243
7335158
6533360
2678125
3785224
8738889
9989680
3757897
4631209
3541521
2444830
8223386
4786011
7253667
4257630
6595002
7920961
7148728
6360628
2659958
2748545
3360064
4307191
3301883
8992677
8332792
8475271
4761288
3362636
2807753
3708649
8226532
6486353
6633542
6082397
8993519
2516864
5405796
5409626
4678304
3453030
2081397
3537003
4805124
7884601
5987727
2523884
2271258
3237875
1783165
3382084
4758799
3671183
4378687
6468395
3429125
9658096
7397426
3985014
5597660
2402350
2928287
5771487
9341656
4592607
1358699
7515021
5953162
9782150
9112601
9330105
3407622
7484146
8629879
2327103
6222809
5663797
9939852
4888033
8200624
4120271
8735943
2717471
2490051
5011274
9143929
5145977
6078897
8958735
7278787
7940108
7936584
5135784
2882240
8675470
9040598
1761026
5367872
6856983
4736527
3904440
4849551
9888339
2181107
3266823
9182175
2318212
2465573
4768931
2751264
5582041
6071862
2862157
2811264
4861277
8072694
3720804
6336332
7322171
3230107
7300472
2977114
2417824
2643338
2150318
3278889
6994733
8313330
5694617
4128465
5597906
7915189
3494428
1748484
1500862
8322018
5123710
5753238
6915900
1970968
9755325
4397835
1801820
1434515
6598298
4290643
3359432
8540150
3057899
1326828
8558529
7590546
9877901
1558729
8843953
3816987
8973245
3618544
9335355
3485597
1529365
9319221
7238361
3158189
4398156
6692701
4046232
1641545
2089845
3481653
7314095
1685763
5362779
8319685
7879940
3445060
2987195
5645967
3856908
3715402
5939830
1635666
9397859
2076483
2275981
9453287
7490962
3583580
9790159
5668957
8283936
1241341
1823032
4687249
9510397
8175870
2199037
6826672
3638224
1117942
6619778
1741700
7532046
2948729
7028783
1929065
4282822
2371909
7374099
2056538
7566335
3670673
2728068
8557889
1497956
2496469
4409364
5499634
9664787
1287507
7970952
3741878
9940337
8346837
5503544
5348537
9156117
6202461
7698194
5506621
8010665
3298098
9385306
7540119
1463761
9030859
4954996
7820984
8804755
1538712
8539548
7468408
4021067
5991358
2518034
6759699
1981097
3169314
2436612
6691028
7745605
2843480
3325125
7505905
8849787
7583961
2687256
6298429
4345663
6908605
3745015
1270935
6240410
6792986
1661447
4815622
9048909
9079493
3873364
4202383
6886237
7616349
5818073
7291119
8427781
6541663
7521676
9287576
1995885
9463647
9099647
2552036
8644975
6073568
1909636
4747148
8674866
4690726
1569890
5689902
5421826
4754503
5557334
7626626
1853619
2777931
3741464
7042196
4922330
8275671
1811201
7219447
7092942
5653721
2036799
5060300
7249904
2484156
5656493
8835826
2272374
1748127
3816999
1682649
5785466
1372470
2074115
5595713
4181854
3817801
6150695
1792021
3830775
3175942
1926307
6435567
1604619
3648981
5283852
5184711
6879604
1980869
4244898
4696820
9834190
1411292
9355505
6010343
5427331
4693294
8343206
8818692
4103770
2728602
1690259
5768933
4824725
9822649
8137751
7871623
3859968
3393217
3612565
3563525
6807149
5896535
4556244
1519102
3942088
1627060
5055060
7513048
9401218
4039147
6629364
2771308
2332784
5157669
6067584
5278252
9025862
5070207
9857189
5073483
4372600
4568727
7739907
8301235
9050514
9212000
5198614
6075022
3855046
2404887
5588462
6591581
4331258
7603528
2271231
1948111
3106254
5482538
8507049
5570667
3723625
5889554
4385417
2555759
2616110
7762582
2036388
4728194
9128876
6489419
4904537
8505290
4755388
8712373
3043234
8340961
4152654
5648939
8135247
5734918
4886670
3201360
3067184
2450280
9472240
3678709
8280398
4156900
3657189
8864131
7952468
9075952
9585818
7700555
4821433
2916160
3269537
9571245
3343275
3854504
9690635
8244417
3365523
5693004
3330146
8852988
6397162
5052898
7968074
5994067
6816858
1312296
9922461
9548691
4468832
8671165
2376348
5720239
6634755
3914791
3321511
5172535
6286927
8241925
9681048
2053718
5855759
5074548
9595804
6292100
6614085
6185285
2330097
4513485
8673017
5194029
3577648
4105444
5927401
4305669
3983048
8691475
3813538
7181991
5304757
8223326
9274121
8664810
7817780
4738750
2397306
5714896
2435530
9198491
4925726
1806604
7561199
8790533
9262314
2512717
6108873
4007982
6858389
5075932
1317934
5413917
9771424
9114057
9620816
9050656
2944405
8506747
2956877
7690524
8861676
6114910
9992023
3954454
8714097
5518336
8750645
4009328
5008848
1236903
3616295
9498286
6136158
9068800
9474482
6817310
3431942
4502004
4168506
9494996
7411196
3658527
5957422
2839026
9353727
2103766
3870925
3713972
8325774
9491548
7971373
8883497
3241178
7149569
2156811
8994689
3793473
9024153
7455035
6146735
5088328
2456328
3965963
8013912
3675755
2464119
3638612
8011263
5192911
6134271
1473639
8213472
4633667
6638237
1374036
2347847
4146970
6908758
2649711
4127861
2585193
1676265
5918268
2722361
1527637
8106810
5816030
6028457
7213650
8457385
1435357
2112360
5483830
7928772
8928011
1592869
6860143
3600144
2856114
8026917
1794886
7011765
7093919
7411500
2484618
2458348
1395750
6209301
1402843
5329449
7294053
7258047
8946221
5336894
1661237
1875731
8148502
8616045
1231393
3619710
2903641
4780858
9079896
3473696
4560851
9293132
5292859
2154042
4624896
2950348
6762124
4620662
2738269
2299017
2142190
4483606
8082289
3365354
2348610
3418013
8172803
2545459
9513476
5070058
9206023
5427087
7517876
8837147
5713072
4362967
5868900
6904858
8654744
2479323
8405947
6713436
2543590
5554848
2049288
4336687
1542481
8834884
7004561
9119461
2049667
2562322
7192691
6297776
5776823
9074542
1904545
6704052
7440999
2478806
8264428
1360560
9819548
5405326
2735549
7292122
5179208
7865172
2017418
6914097
3219120
6879041
8487642
2041711
6224203
5900572
1197144
9802399
9352444
3927435
4591447
2169083
7901845
4065288
3021362
6338648
4273200
3567829
4198012
5276496
2884934
7099381
4843767
7379169
3282991
5915820
6765336
9858947
6918412
1556792
1341760
4718533
6768355
1191361
5186187
2307818
7090926
5959701
3084900
5571337
9248460
4545935
7433817
7613934
5180421
3498182
6078678
6318259
3362197
6522057
4780478
8671123
2110818
9684325
7176306
9490010
5143374
8534715
5684128
7131399
4235443
4706208
8732416
1473484
4269686
8301376
8617997
9648836
9371453
3760896
7031211
1420531
9847607
3159583
4203488
9770683
7820171
4973108
3527994
3406646
8382787
9410858
7919039
9827229
4657262
8684496
1961350
3502650
6609537
6519919
1246150
1863903
4401368
4630280
7047895
5433675
6692203
9007706
6684385
9606543
6048488
1209865
8992459
3389184
5435806
5681334
5937174
3562010
7070568
1478630
5575471
5149390
1174429
2001161
7560646
7967371
5303163
7447617
4275486
2560730
1816605
6819350
7844711
7614247
4398916
1844724
2984416
6649362
5965962
8111218
5879067
9722911
4014687
1576487
8607269
1816131
8232254
3055867
6010743
9426239
6483801
9602401
3727846
9272633
2225507
8705222
3474758
7983692
1428544
2207703
8242689
7780471
7719322
9213501
7911675
6091083
4058285
5879932
8388127
9188283
3872930
7348665
6246444
1430166
6066264
3989819
3256821
5847135
4188161
9808823
1463947
2041309
7613758
5191606
8139138
9452500
8679456
9542445
8424805
6168086
2669408
7043278
7839344
6936657
2217274
4896494
9238054
6395567
6274052
6086754
7859212
3687702
5799142
1114772
9407274
5735346
1558766
7717525
6395962
8902110
8532484
4680291
9102294
3107022
9498755
7012736
7351910
2090682
6663046
7426004
9961496
3195114
2420617
3151797
2495939
4747232
7167527
2143645
8261319
3776868
8107855
2619404
6752000
7194609
8388637
7332726
1609351
5819389
2203769
5202642
6324688
8340577
9316960
5182186
1424235
6088413
4111096
5654589
8243370
7595877
2854036
5834493
9000157
2100611
6284654
7539259
1973648
4744042
3056985
7314763
9050606
5843033
1372471
3098955
8356355
6998928
7019686
9171576
4293015
8183647
4872948
4563402
4866126
3941638
5400961
5854554
7123236
1660387
4458180
8617374
5602006
9130720
9168305
3504736
3098321
6554345
2749701
4447413
2177057
4999428
5568499
3722936
1445059
1992107
1808118
1931862
8336098
5598344
3469602
9678711
1371734
7624557
8693367
3578278
4987999
1770298
6892801
3415648
9304638
5393543
1764090
7540707
8720872
2032140
9549402
6245991
3226504
1257112
1156697
1127660
7179566
8278514
8317546
3974020
7392114
5092845
1885699
8095865
9350561
5526214
2491869
9897122
7152799
9998915
3196291
7457810
9556160
4681261
9796481
8547967
8990468
5561441
4732947
2567843
9322803
3370492
3110341
4722300
5688445
3623356
7678271
5309838
5458218
4622773
3345192
3790300
9025072
2582500
8015529
1257230
9408126
3310430
7656543
9657784
6663702
1900960
9531938
4288758
1520976
7331652
9436727
1648714
5240585
2632554
6696829
3672410
3632918
3583376
1734718
3194964
3863309
7959816
4951254
3161862
7044098
8387961
2573986
6230297
5105803
7726897
4363605
3292602
1867172
4929426
9141342
1426944
1500958
9731477
3778249
2513058
5177989
1466210
9852809
8806834
4479084
3492558
4724883
6453451
5226285
8963047
4012429
1608182
3101027
3411958
7682545
6344176
9721892
8291014
2318436
7290101
8241800
4438391
1789874
2130513
4768996
6730653
5861109
7564551
1318311
1892882
2034271
4181430
7944695
3759507
5899484
8771286
8626608
5408486
7984134
6167402
7646063
6872712
4742300
2044570
7584416
1583900
6415010
9990089
1552204
3631489
1935381
9121899
3017723
7775768
2697320
1895795
7630910
6423189
5163635
2669631
1369864
9253411
1218976
3704381
1785067
4594909
2490905
4118159
8784192
1260845
5521939
8915497
5734887
2413231
8804471
6882747
1950777
9676550
9086882
6908276
7066067
8539883
8356478
7377758
6898002
7739727
7441993
3084757
9256591
4087882
1418972
5905464
5920216
6137961
9552346
3437455
4584129
8884510
1782668
3673976
6121623
6605721
5521314
4724284
9279561
6423344
8036008
2217788
3816175
7436764
4699390
4537361
9737116
9475266
2869967
3831676
3883738
3119009
5587181
8661258
6281038
9618166
1435605
1912780
1368826
8155026
2576327
6489375
8381685
9529369
4370094
4805365
2818166
1676010
9448030
9776732
7839191
1649540
7730548
8992829
6682223
5874298
1465266
9076440
6805512
2497099
9520790
8735372
6455306
3053439
7375149
8881512
8157159
2549724
4029026
5124357
5426705
5850201
8315053
5502826
7933805
4217935
4118738
1126878
9166860
6085910
7306744
8292456
6285059
2913916
2608603
4073724
5917275
5266955
9692006
1160069
8063856
2008176
1697575
2828299
5081044
6342432
2973347
5638280
2641465
7494899
6717493
3905360
5175370
5012867
8726012
4457966
5420438
7958543
2387812
8455607
9541408
7002135
2590899
8563797
6228260
2158671
6160807
4114313
3279950
2970125
9645124
5102683
9992787
7778853
6611341
4380948
2952007
3746181
3282202
4538575
2088576
7076282
6330385
6582719
3596274
2540318
9181260
6164421
5831637
9698663
6889056
5301237
5706570
5778302
3374900
6192977
1999950
7815863
3274647
5734506
2913911
5777975
9094683
5089044
3122242
8667501
5526833
7271546
2713768
1665496
7045430
1979870
9567817
9515076
3201831
8229048
5285692
5109587
3436313
1591748
1353799
1812667
8531896
4646850
8119429
4701947
5622302
9472170
6194715
1341581
2187705
2330073
4431538
3794346
7990304
4178956
8989185
8136136
8973827
1597258
5679866
1685505
9728453
3573505
7599586
7123253
9789462
7408926
4893939
3975359
5398526
9326758
3919103
8163040
5865541
2519909
6754215
3389078
4955234
4511431
2633269
6502777
7270740
6228841
8225007
1477060
1620618
7953509
4247699
5175125
9654799
5623234
8067872
8517267
5523975
8503363
8689591
9651350
6541136
1137298
9097471
6730637
2654994
8349469
6876206
1619273
7527309
4466163
3709988
2744020
6293542
3370540
1486147
7322720
9846369
8214300
9656305
7589538
1596859
1705977
8219730
9589342
4741966
5447268
8483039
2674156
9733445
2426503
5973746
8359797
1154620
6476282
1500826
2153379
9370532
5230824
6451154
3878061
8333841
6031003
4567848
5265130
9949720
3579167
5617337
7802125
9985303
8133411
5302962
5268104
3873119
1843652
2553886
1186066
1589249
1123807
6588657
7041869
8238846
3733753
9212856
1420418
1485537
8001403
4311866
1991068
1283149
6874321
8022965
4056906
3845577
3673527
2444579
7919946
3927038
4019086
9399672
9640461
5788684
1501081
2882040
8931349
3686234
1164941
6375818
1964326
9328209
7293623
7947194
9664644
2310736
2833972
2162457
5282017
9061668
8916152
4255278
4077019
5988010
3482090
7559240
9052704
7871318
9164688
1976209
7258288
7135390
5506933
2238846
5390290
6656741
9908687
9651273
5595488
6548606
2301625
5882683
2848157
8955187
5485493
9971063
5738195
6477877
9018709
4364082
8471802
9481328
4405041
8502636
2129345
9656226
8162601
2212709
7392326
9390315
3825487
4504930
1642920
7220222
7843963
4652662
8867491
6621222
6570910
7132312
8357273
7866963
3581413
1423160
8584255
3081496
6089461
3310961
1650719
6269389
1817150
1402491
8047288
1916279
9776116
6898409
5174796
3066015
5626341
7368158
5257789
6314935
1194431
3872890
3032293
2594904
4279071
8418419
9888196
5576201
3853248
1631465
4145930
5583026
5992273
7523289
7994988
8365438
7359102
4670697
5009326
8901486
1988888
4411862
7116276
3098928
5271607
4625463
1539082
8535581
3149322
1453721
2977837
3342857
4460483
5412191
6783314
7698054
4107173
2264910
6901441
9978518
3446506
5358892
6517601
1268555
5066470
5242649
4680973
6124608
9057792
9495466
9567425
5862721
9085736
9670907
2290558
5554594
6775796
3676569
5190573
5056562
3134883
5473224
4802553
7019861
7640552
5492886
4958476
1221479
1623567
9102248
3488224
3115567
2396321
7347647
3113928
9871942
4581140
4753255
4904996
6697884
1774071
7227694
9728221
9439253
3535660
8260571
2675599
4731550
8374581
7537371
9788396
5393222
6921007
4133956
9692357
8218779
1677096
3642169
8765546
9255833
9371470
1882364
2064396
3852787
5863282
5111892
7666414
5161490
2461560
9593264
9824906
5947737
2236970
7450360
4808269
3405207
9358032
2985275
7230615
6737327
6111395
8304050
5187768
3683841
8398621
6924564
6273751
6386738
7224786
5950356
5758665
6703012
3059895
3381535
1727741
3437165
3455170
4353475
3269133
5814658
7569458
9218929
9231474
7764533
2778129
3994396
5130355
3945351
4022853
8219401
4864090
8138744
8202499
6391335
5803759
2742811
2474996
8556081
5455803
6747528
9567296
1445472
4280440
1226940
7689027
9181219
2087647
6050424
3833194
6724868
7742009
5796124
2451403
2743036
2117378
9002031
7123933
3264783
9851042
5196251
7042824
9761941
3308503
4757938
5122410
1615522
7435140
3815816
6371966
7581859
4791674
7469461
3842442
3855869
2408198
9723534
7646015
9724654
6908575
1993328
2954178
2275048
1385808
6004828
5964510
2860570
7235744
4445168
5385834
2485352
1564546
8474275
5110408
3875315
9305431
4145016
3120781
7871167
4743499
8025590
8379986
3373450
4971398
2762111
8268132
1721792
8804457
7504542
8507698
2972982
5870290
9540637
3046510
7246102
8736131
1168465
1265545
9124421
3704552
2908763
9917915
7279611
6921973
7623890
6857158
4689514
9744437
8517973
1690695
7373706
1722945
3608743
2611344
9270994
4483999
6337782
9364218
5597785
2392054
9491084
3227218
8757822
5052563
8386944
5020504
5626278
5510699
3227854
1987414
8966089
7516519
9508989
6207488
1355943
1686432
2992569
3208907
6768155
1340224
3999993
2481273
9594981
7883991
7032226
8296728
4235837
2049214
6829856
4026906
4091767
6482402
5491652
5712009
6574029
2310198
3709895
9289791
5793765
4834690
8609976
3523085
3200241
4016962
1508796
4688755
4577913
3077875
6809821
6723173
9314174
7205039
4448246
5882329
6238788
3732042
2793003
8039416
1770651
3805646
7190572
3613003
6190762
1288754
3783876
8783454
4314369
1383582
8949100
1260304
4310642
1137302
4750402
7344556
5815431
6572050
3893963
6033840
5886405
3258028
8920835
4716324
4492653
9385419
1306159
1219696
4093909
8501926
3409852
1142214
7082476
3852997
9351493
6279883
5627027
9852350
5323590
9483661
7838869
4782193
8149902
4010691
9397174
9592092
4654252
9474078
1315745
5826335
4672005
9127040
7796225
9519363
8089570
7821182
7877914
3204487
2627177
6468060
4356318
6293716
5754475
5431152
2754535
4452203
3467382
4465831
8041982
6608312
2309665
3631162
9605827
7194698
6133782
3302031
1593955
5538423
2101179
8845224
7344735
6053004
3128785
8116197
2084214
2887110
5045392
8086849
3344143
2589431
7661439
2337858
8470184
8483665
6940794
2365637
8950809
8849079
7750880
9907927
3045957
1642867
1846842
8482934
1364202
5922859
7098069
8330478
1549526
7680127
3491696
7358523
1487170
6478364
2120800
5331641
7362787
9677140
7343327
5101917
3541659
8751865
1147510
7397300
1758656
1849122
9970213
6847197
2932362
8776236
2618326
7934809
6900567
1220687
6150971
7958948
7938200
8074269
1941557
7216983
4809248
7402517
3257340
5289143
5355801
3859800
6142946
4764909
3935267
2594221
8524170
9133041
8240820
8588348
9694313
3808575
1753762
9311567
2281872
8656078
9510536
8308721
5173252
6989485
7465082
3113289
8598028
7591562
9711275
4957075
5114028
7196170
5673036
6716860
6947043
3214594
9785382
7435442
8297140
4705369
9843813
7074538
6711970
8705752
1616457
1161767
9040358
2154080
3916841
4615885
8834079
2870484
4955389
5509591
3352662
5748175
3175247
4516140
5646327
5372243
9386423
6165470
3387229
5866688
5297384
8063686
9174676
2438836
9559245
3708143
5916565
6349907
6602224
1401741
9702256
7827535
8826223
5487362
7821425
2747871
6600751
5819376
9574088
2428284
5617981
4264499
2924381
7806817
4440453
7339175
1729213
1367309
1130497
9123168
3548801
5631796
7604244
2059402
5578133
6994835
9835117
9983895
4717106
2482220
4602525
7932966
9278595
2995030
6222233
1194777
5824690
9642423
1835111
8289979
5002580
5971139
6587547
8929334
8790032
6344715
4631628
9872860
3762235
5454292
9978236
4380892
8150484
4615241
7861136
4673962
5329671
4677688
7505747
1743972
4560024
4783641
7822140
8471093
6494237
5547177
4443851
6491889
5698923
7734958
9604098
4775335
2683482
4196157
7783998
8382075
5538841
4181270
5318364
4887692
6649821
7880541
9024262
7069878
5526938
2324864
3992256
1486390
6436384
5389723
9872697
9010389
7708208
7323917
8610136
9906679
9734089
4407373
6344609
8021527
9535413
5152843
8219193
5999855
1663375
9173181
7286524
5252144
8765134
3309393
7001459
4316290
1648455
7613747
8070648
5656419
7058695
6860313
9635659
6890750
5630075
6339830
7080148
3958921
6454390
7784590
1149780
1599312
8803316
8483478
7148155
3727706
3446266
4773342
4393380
4545149
2432959
4422760
3588164
2092337
7787554
9856269
8012881
7286100
9035277
9249058
7906211
5865851
7538293
7764924
8648808
9233345
1532388
3582733
2431896
3818003
7626749
2140668
4972757
9174379
8192458
7853133
1492349
1311837
5535765
6735110
1811398
2169518
7996319
8957510
3704667
9654024
1695258
1317877
7327996
3245943
1489643
2071685
7856703
9602283
9078647
3949011
2138120
1783600
4966034
7121958
1753551
8044426
3480924
6079689
2809517
3200019
2141389
1686918
2254484
3870239
3240361
3280459
3599144
5991951
4105964
8966635
8568511
1428734
9905845
4861386
3339776
7422798
4546603
7010497
3128277
6947677
3648370
8551493
8912131
4097306
6133986
8973956
6079289
4042522
4606047
9675878
9109843
2493236
5575348
6831277
6010734
8262077
1858268
8599668
5529225
1948166
9321354
3169213
5735464
8430698
6361901
9973241
4066367
8126304
7010789
4066782
4264778
9785941
6381541
4803425
3247784
7207433
7707510
6721195
7059979
3877228
9375156
9027236
1588957
4728512
3529373
7635306
5924921
4803633
5918713
2200269
6683369
7860267
2466490
2982252
8361929
2961972
7966930
3130966
7649366
4800128
1819691
9052670
3729543
9393589
7032494
8324065
1562132
5398903
5996520
8745745
2800493
6046936
2480846
9112848
2495996
5604685
8085334
6934978
4016915
6258573
5205704
9681034
1923666
7763480
5535136
9658689
8793384
6540618
7087739
9770544
9164440
6602732
7773384
3489488
5023155
2428950
3158213
7087395
5496027
3674015
8518348
5331749
5186910
4598559
8232001
5096921
5151071
4148509
8697428
3327218
5724713
5585019
2340585
1698557
5123671
4428772
6126223
9974786
1528914
3941113
4914449
3274798
4910697
8455272
4549107
1811505
3994920
3801705
8763285
2758260
2389249
5268865
2827513
7743783
9688483
8670105
7546202
8255481
2821019
7507871
5787056
8488034
8385715
8799690
6802969
7152197
2977281
9288616
5138962
2741812
3935208
6652280
2675512
5033169
1962077
5801923
4175664
8671953
9009732
3927733
8028913
7607061
8127041
7098423
7792988
8472364
4166957
9743697
7388611
8053165
7738257
8114832
3019557
3123062
1153269
2521223
6047048
3012163
8190480
2959829
8986691
4289608
9331192
2199255
5979666
8200849
9685786
6681230
1333995
2152849
4586781
7660509
4167587
2138707
2436890
9733458
7726561
1547588
9263481
2990787
6918862
6112802
6035642
5936941
4807341
5569222
5784449
6447522
9721444
4865437
5616349
3712256
4655937
4236087
5091938
9777976
5912765
3438870
8714097
2461495
1155595
7579132
2893689
2191973
4529215
7203669
8879499
8494777
6138053
4935855
4403619
1679272
4210660
7849273
6800343
3510680
8304919
3020523
6607055
7933937
1416632
7509322
4131060
8798588
1954211
7576951
8654350
3960699
3595319
8512128
7941192
6892182
3714950
4259618
2427639
7194696
6988337
8879721
4628386
8301477
6361349
4260556
3092279
6767473
2139422
9381711
2803000
5769866
7377917
8661061
5845958
2081200
4859541
2798336
7385827
5376371
1919279
8696312
9549940
2040759
7908794
5563397
1205586
3395216
9578582
9189676
3200945
3112677
4817180
6905172
9397494
2278957
4887231
9577139
4998964
2617275
5726032
5952603
4455844
8325431
7464502
5561747
2719970
8550137
6132749
4610520
4155003
2396945
6536145
9606496
3827519
9181457
1598023
8235218
8217335
1990554
2369815
9225356
3501816
7899548
7492283
7750416
8571818
5316975
5719094
1582669
9453123
3271272
5724037
1542386
4629805
7240983
4042356
1611184
4237618
1321228
4906363
4662054
9774192
2786133
3056182
8532768
6808529
4915488
5429194
5869842
1673236
7399824
2647628
1725898
6780139
6415960
2612220
6879708
4882838
8880140
7177804
7451252
6497846
1610780
5319244
3436728
7898426
2427161
3352080
1212203
1117696
2932856
3626623
5329491
8766189
7289821
4469428
9124400
7515334
4178063
6222678
8469399
2775045
4391393
3113773
2609486
2696885
4244378
4888243
9650674
8328250
6378782
7885090
1845426
5712634
4880465
5354572
5423843
8943942
1444484
2543750
6118924
6233452
8462549
6569339
2090477
2983749
8525454
2114848
7100370
5539066
6367014
4144403
8666710
3843359
1673229
7295371
8103661
4978855
9020935
3932389
4175712
1617807
1484271
1926522
5110017
7729168
1803008
8124251
3449409
2230325
8163578
7759809
5485540
8198843
1448997
2720946
2073505
7724119
7157776
8786143
6366766
8149283
5622612
4866559
9565582
2922053
3903347
1317977
4058691
7777548
1711187
2616256
2045925
7774199
2120685
2439307
7475719
4223624
2232341
9049134
3181877
6855329
3719892
9858540
1905522
6663025
1542401
8270537
8834212
1647435
7813701
7809396
5600869
2154666
4093704
6161449
8688361
1490015
3206063
6432818
9057577
7273520
2634517
3963286
2670182
7622373
6414415
3903551
6074747
9519003
2126653
4129640
8035578
3273783
4235766
7274484
4200979
9184195
6853670
4341546
1466160
8762785
6413373
1719028
2405977
9854178
9573162
9311835
5289013
7009210
3010809
1909315
5890674
1918983
2986740
5106091
5313948
8750770
6010040
4747484
8437987
8707509
8181841
6652088
3812366
4726728
6647386
6634238
1501876
8816098
7503568
6122815
6533344
7756007
6072154
3520910
9753161
8809274
5699130
6116270
3924603
6842995
6761050
4040191
4912736
8014001
6182145
6275404
9359289
9398851
1958417
4882085
3060352
3882298
8116780
2494874
9214474
4223884
4243235
1448451
1217557
8097700
9578363
5742907
1192150
3633743
8509235
5812844
4384755
5233812
1392527
4469321
3866926
9796206
6566092
1900492
5745292
5314385
3949990
7956767
5909569
6456135
5086964
8708670
6874413
2308267
9915872
2636370
4726306
2254756
2323690
8496422
6690910
6804936
7285680
4261035
5637106
1695154
8846945
3583712
5892154
3957377
4302503
1475506
5526048
9830820
1721620
3270573
8197903
7018063
3990048
9602565
5136916
8688539
5784402
5846175
8123541
3900438
9674624
4498729
8206746
4998511
5177190
9809366
7078544
6729763
3046763
3316978
1488851
9750271
9247947
3300473
9500959
2492876
7077992
5373825
9567403
4457703
3646134
5847552
5022040
7041002
9040071
5322197
3684134
2199019
6131769
4054295
4990685
6395627
7290772
2845169
6250161
7723922
8882329
5264375
4401685
1389052
1618359
9105844
3600094
2057367
1336279
9181571
1167499
2868473
8249501
2813565
2227501
2666405
6615809
9746271
1385278
5788155
5759324
7725262
9233852
7379766
2639401
2581904
1349728
3388082
9842472
3398253
5165157
9069442
9804848
5298278
8022557
2245017
9493996
2746647
6554900
5096913
6311581
8077337
3919124
7791600
6695994
1532950
8455575
8381478
8802845
9363385
2201766
5350768
9795510
8459639
2862575
8900220
1295680
3674390
2102658
6910508
1222162
4961695
1231097
1885681
8584534
7042837
6660555
4731104
4865895
3061701
7874749
3503947
4629560
7562118
1752723
3049211
7621361
2858680
4374420
6136142
3252690
1929576
9777234
9758596
8971839
2949507
6283274
4183063
6092498
5243936
7398699
2939486
1117894
2363607
5845582
1571587
8061614
4801620
6099227
1462498
5308054
3224430
5412044
7463799
3167149
1740951
4095228
2442090
8979111
3002114
6541979
6258527
9795281
2862239
8239480
7927906
2672043
9564451
5727442
6744071
7988104
5440690
8509815
2824557
9131248
9444388
6137100
6374950
2600764
1567470
9195562
1923165
4920012
7716627
4886891
9614126
3098030
5693263
4826911
8320238
2372935
9457399
5494340
4269377
1414083
4026792
5839140
5835401
4465404
7694693
4797684
9797906
4013201
8167323
2034500
2422498
5216717
9930585
9318451
8772874
6621034
4769580
8621446
1887663
7595570
5960138
4619885
7353538
1222476
2644888
1111143
8404184
9042027
7466664
9765782
1985042
6484579
3845569
4139592
1528006
2299956
5589217
1732636
3201564
2967221
1300874
3450258
4136389
2767806
4533094
7372267
5390988
1399618
5681311
4147865
7547862
7099992
5268533
6659117
4909995
3453204
1271803
8605320
2491538
6344747
5376495
7847216
7186623
6314113
3913821
3223119
7664967
7584495
5396153
7849515
1764475
2326174
5129044
8131869
1494705
1381934
8560775
3722158
7436098
9909068
3114266
6573205
4242729
8662678
8833014
7116879
3730855
7806081
8897931
2488526
2927315
1262125
6070218
2405641
8813102
1900326
8569518
4336696
7714510
7548332
1582012
8787567
3529839
1302820
2941476
9087520
4918217
8937386
8867528
8148012
2992473
3429407
3317872
7223926
7271823
2040088
5032865
1520573
2988806
6008734
5536342
8033071
4902279
7656377
6623449
9932519
2981153
3866637
7465478
8195530
7399123
3037361
1535982
6272736
6272626
7263636
1526363
7373636
7373737
0876545
4152522
6675445
6778865